""""
"""""
""""""0
0""&
""""
"""""
0&""
 &""
 &""
 """
2&""
"""""
2"""
 """
6&"&
"""""
2""""
6""""
2"""
2""""
 &""
""""
"""""
 """""
2"""""
&"""
$"""
" ""&
"&$""
2""""
""""
2""""
 &""
 """"
2&""
2&""
"""""
""""
2""""
"""""
2""""
 """"
2""&
2""&
 &""
 """
$"""&
6""&
 """"
2&""
 &""
 &""
 """
 &""
 """
 &""
"""""
2""""
"&""
2&""
2""""
""2""""
""""&
2&""
""2&
0"""
2""&
2&""
""""
2""""
2"""
2""""
 """"
2""""
6"""
""""
""$&
""""
2""""
""""
6"""
2""&
2""""
"""""
2&""
2&"&
2&"&
0&"&
2&"&
3333
33333
333333
33333333
33333333
33333
333333
333333
3333
33333333
3333
33333333
33333333333333
3333
3333
3333
33333
33333333333333
333333333
3333
333333
3333
33333
333333333
3333
3333333
3333
333333333
3333
333333
3333
33333333
333333
3333
33333
3333
33333333333
3333
333333
333333333
3333
333333333
3333
333333333333
3333
33333
333333
333333333
33333
3333
3333
33333333
3333
3333333
3333333
3333
333333
33333
3333
3333333
333333333333333333333
333333333
333333333
33333333
333333
3333333333
33333333
3333
3333
333333
33333
3333
3333
33333
3333
33333333
3333
333333
33333
33333
33333
3333
33333
333333333333333333333333333333333333333333
333333333333333333333333333333333333333333333333333333
333333333
33333333
33333
33333
3333
3333
3333333333333333333333333
3333
33333333333333
333333
333333333
333333
3333
3333
3333
33333
3333
3333
333333333
3333
3333
333333
333333333333333333333333333
33333333333333333333333333333
333333333
3333
333333333333333333333333333333333333333333333333333333333333
33333333333333333333333333333333333333333333333333333333333333333333333333333333333333333
3333333
33333
3333
33333
333333333
3333
3333
3333
33333333
333333
33333333333333
3333
333333333333
33333
33333
3333
33333
3333
33333333
33333333333333
333333
33333333333
3333
3333
3333
3333333
3333333333
3333
3333333333
33333
3333
3333
3333
3333
3333
3333
333333
3333333
3333
3333
33333
3333
33333
3333
333333
33333333
3333
33333
3333
3333
3333
3333
3333
33333
333333
3333
33333
3333333
3333
3333
3333
33333
3333
3333
333333
3333
3333
3333333
3333
3333
3333
33333
3333
33333
333333
333333333333
3333
3333333333
3333
33333
33333
333333
333333
33333
3333
3333
3333
3333
333333
333333
333333
33333
33333
333333333333
3333
3333333
33333
3333333333
33333
3333
3333
333333
33333
3333333
3333
3333333
3333
33333
33333333
333333333
3333333333
3333
3333
3333
33333
3333
3333333
333333
3333
333333
3333
3333
333333
333333
3333333
33333
33333333
333333
33333
33333
33333
3333
33333
333333
33333
33333
3333
3333
333333
33333333333
33333
33333
33333333
33333333
3333
3333
3333333333
33333
333333
33333333333333333333
3333
3333
33333
3333
33333333
33333
3333333
333333333
333333333
3333
3333
3333333
33333
33333
3333333333
33333
3333333333
3333333
333333
33333333
33333
3333
3333
3333
3333
3333
3333
33333333333
333333
3333
3333
33333
333333
3333
33333
3333
3333333
333333
33333
3333
3333333
33333
3333
333333333
3333
33333333
3333333
3333
33333333333333
33333333333333
3333333333
3333
33333
3333
3333333
33333333
33333
33333333
3333
333333
33333
3333
3333333333
33333
33333
333333
3333
333333
3333
333333
3333333
3333
33333
3333333
333333
3333
333333
33333
3333
3333
3333333333
3333
333333333333
3333
33333333
3333333
3333
3333
33333
33333333
3333
33333
333333
3333
3333
333333
3333
333333333333
3333333
33333333
3333
333333
3333
3333
33333
3333
3333
33333
3333
3333
3333
3333
3333
33333333
333333333
3333
33333
3333
33333333
3333
333333
3333
3333
33333
333333
333333
33333
33333
3333
3333
333333
33333
333333
333333
3333
3333
3333
3333
3333
3333
3333
333333
3333
3333
3333
333333
33333
3333
3333
3333333
3333333
333333
33333
3333
333333
3333
3333
333333
33333
33333
3333
33333
33333
333333
333333333333333
33333333
3333
33333
3333
3333333
3333
3333
3333
3333
33333
3333
333333
3333
333333
33333
33333
33333
3333
333333
33333
3333333
3333
3333333
3333333
333333
333333
3333333
3333
33333333333333
33333333333333333
3333
33333333333
3333
333333
333333
3333333
3333
3333
33333
333333333
3333
33333333333
333333
3333333333
3333
333333333
33333
33333333333333
33333
333333333333333333
33333
333333
3333333333333333333333
33333333
333333
33333
33333333
3333
333333
333333333333
333333
333333
3333333333333
3333
33333333
33333333
33333
33333
3333333
333333
33333333
3333
3333
3333333
3333333
33333333
33333
333333333
33333
33333333
33333
3333
333333
33333
3333333
3333
3333
333333
3333
3333
33333
333333
33333
333333
3333
33333
33333
333333
33333
333333
33333
333333
33333
33333
3333
3333
3333
33333
33333
3333
3333333
33333
3333
33333
3333333
3333
3333
3333
33333
3333
33333333
3333
333333333
3333
3333
33333
3333
33333
33333
333333
3333
3333
33333333333333
3333
33333
333333
33333
33333333333
3333333
3333
33333
33333
3333
33333
33333
3333
3333
3333
333333
3333
3333333
3333
33333
3333
3333333
333333333333
33333333333333333333333333
3333
333333
33333
333333
3333
3333
3333
33333333
3333
3333
3333
3333
3333
3333333333
333333
3333
3333
33333
3333
3333
3333
33333
3333
3333
3333
3333
3333
3333
3333
33333
333333
3333
33333
3333
3333
3333
3333
3333
3333
333333
3333
3333
3333
3333
